31
40
34
32
33
30
39
33
31
32
29
38
32
30
31
28
37
31
29
30
27
36
30
28
29
26
35
29
27
28
25
34
28
26
27
24
33
27
25
26
23
32
26
24
25
22
31
25
23
24
21
30
24
22
23
20
29
23
21
22
19
28
22
20
21
18
27
21
19
20
17
26
20
18
19
16
25
19
17
18
15
24
18
16
17
14
23
17
15
16
13
22
16
14
15
12
21
15
13
14
11
20
14
12
13
10
19
13
11
12
9
18
12
10
11
8
17
11
9
10
7
16
10
8
9
6
15
9
7
8
5
14
8
6
7
4
13
7
5
6
3
12
6
4
5
2
5
4
11
3
10
9
8
7
6
5
4
3
2
1
